0 0.0012682963822918023
1 0.00031120331950207467
2 0.00031120331950207467
3 0.0012990579125165902
4 0.000964316962307419
5 0.00031120331950207467
6 0.0023780162845001406
7 0.0018303414817123274
8 0.0014453945886892742
9 0.00039937759336099583
10 0.0009764339449602239
11 0.00045982323848880584
12 0.0006218928530441469
13 0.0005757261410788381
14 0.0004655082987551867
15 0.0008625429780839735
16 0.0005466134907208986
17 0.001310339394218557
18 0.001214976402845121
19 0.0008525566786771627
20 0.0007379200333129784
21 0.002253442964470831
22 0.00048234221885183257
23 0.002504765508770144
25 0.0004923650349417827
26 0.0006221480795530539
27 0.0005998072228400879
28 0.00031120331950207467
29 0.0008161048014929742
30 0.0011737812662163771
31 0.0020715331036906806
32 0.0009646846031187223
33 0.000766872740104281
34 0.00031120331950207467
35 0.00039937759336099583
36 0.0008119838220024061
37 0.0006131942507873169
38 0.0013121268235034165
39 0.00031120331950207467
40 0.0015116911197137401
41 0.0011042242340897324
42 0.0012830052511470691
43 0.00031120331950207467
44 0.00122269373018481
45 0.0007732836980107876
46 0.0005186841455202873
47 0.0011984021188110095
48 0.0009943752017698316
49 0.0010916580899285326
50 0.0005347678766728414
52 0.0025036957409501
53 0.0009089209112343795
54 0.00031120331950207467
55 0.00031120331950207467
56 0.0005366781153511671
57 0.00046243825799033127
58 0.002399368429523532
59 0.001149973503746373
61 0.0008884087067972112
62 0.001994034700582552
63 0.0009930818897088325
65 0.0012700303063920412
66 0.0008564309865854772
67 0.001396844132274997
68 0.0009550375198717013
69 0.0005514501125498787
70 0.00031120331950207467
71 0.0011520748676165965
72 0.000874645728482802
73 0.0010176490659442351
74 0.0005889052443075493
75 0.0006246264457301645
76 0.003055832016945155
77 0.0007180240963651559
78 0.0006705080827164463
79 0.0012123592962944266
80 0.0011729411944792234
81 0.0006739707835420722
82 0.000996925696554094
83 0.00031120331950207467
84 0.0004715702800829875
85 0.0004477486809828645
86 0.0011665248266467428
87 0.00045751750518672194
88 0.0006284570394990504
89 0.0010628126998247678
90 0.0005800100917712461
91 0.0006822355544077708
92 0.0006753964323039366
93 0.0006135642047843433
94 0.001337003002591394
95 0.0016994594131877335
96 0.00031120331950207467
97 0.0006562826711568121
98 0.0006338050798616015
99 0.000777734775212237
100 0.00031120331950207467
101 0.0009396139888862219
102 0.0008608590036236173
103 0.0007760745736310143
104 0.0003773340248962655
105 0.0011421667779941088
108 0.0008211220962303709
109 0.00081846729344209
110 0.0005304674803042997
111 0.0015395974113515253
112 0.0008399560531225733
113 0.0009581648982249446
114 0.0004996758298755187
115 0.0016425807991742646
116 0.0005709989498326972
117 0.0003913867997925311
118 0.0009801990789249496
119 0.00031120331950207467
120 0.0008569550162800052
121 0.0008894814561426694
122 0.00031120331950207467
123 0.0005190123675086709
124 0.0012682963822918023
125 0.00044983158669689087
126 0.0010278260723716186
127 0.0007332371600968144
128 0.0011660943064901682
129 0.0011691232388056103
130 0.0012501521527955297
132 0.0021779893310035743
133 0.0009353913442277468
134 0.00221646334100763
135 0.0005301020716050503
136 0.0019382078649516638
137 0.00031120331950207467
138 0.00031120331950207467
139 0.0005510043163301683
140 0.00031120331950207467
141 0.0006217163469350146
142 0.0028107830353699586
143 0.000416768275032979
144 0.00031120331950207467
145 0.002129592706813804
146 0.00031120331950207467
147 0.0008261205417492546
148 0.00045367279599281833
149 0.0007520707802587158
150 0.00031120331950207467
151 0.00031120331950207467
152 0.0006936977775142169
153 0.0008646674107877764
154 0.0003960710580912863
155 0.0012736614652618826
156 0.0023366817256322316
157 0.0005099727350248219
158 0.0004063492463359701
159 0.0005132119536354735
160 0.00031120331950207467
161 0.0016610502305799246
163 0.0005655615218804369
164 0.00031120331950207467
165 0.0005430967839043163
166 0.0007961021263230492
167 0.0011348720734669227
168 0.0007027879205872061
169 0.0008022259585853845
170 0.0006825590401198392
171 0.0013630174508491037
172 0.0008737928587127756
173 0.0008235985360494912
174 0.0022522233766870048
175 0.00031120331950207467
176 0.001190593583961827
177 0.0009447930772695761
178 0.0004773872480215158
180 0.0003960710580912863
181 0.0006285599888916755
182 0.001164834877390799
183 0.00031120331950207467
184 0.0010968873450968105
185 0.001126565694869648
186 0.0018108970492398911
187 0.0010275271257508124
188 0.0006917849204095947
189 0.0005453735815475405
190 0.0010427750282597861
191 0.00031120331950207467
192 0.0004953850160929244
193 0.00031120331950207467
194 0.0015846461319213067
195 0.0016824951131901216
196 0.0005583165072568989
197 0.001128677520737145
198 0.0007679373480687468
199 0.0005756125061962185
200 0.0006831498305720023
201 0.0029274411318614742
202 0.0006370960618589981
203 0.0007895816967699073
204 0.0007401990707497129
205 0.000868161041280792
206 0.0005001558237804115
207 0.0017241830546837148
208 0.0011602000516789347
209 0.00031120331950207467
210 0.0011567557014907903
211 0.0008129616562154174
212 0.0003773340248962655
213 0.0012760892576528255
214 0.0005554924569899087
215 0.0006040304051327164
216 0.0004174821799383059
217 0.0004386538496540254
218 0.0012159943863513992
219 0.0007119234851412919
220 0.0012860019268359883
221 0.0007662820760906232
222 0.0008347469780829254
223 0.00047144122864148955
224 0.00031120331950207467
225 0.0014764871548982956
226 0.0007326145478879292
227 0.0005337753532995758
228 0.0005691586220525587
229 0.00031120331950207467
230 0.0009905939495053891
231 0.0004201965114249745
232 0.0014092539890550606
233 0.0005187845588866516
235 0.0009823489449592578
236 0.0004434647302904564
237 0.002060337058293079
238 0.0005129127462132452
239 0.00056937681629443
240 0.0013506103659901075
241 0.0006043350228445668
242 0.0006851094241518663
243 0.0015936737540170737
244 0.0006246824528474686
245 0.000775532215205736
246 0.000581849776405852
247 0.0004434647302904564
248 0.0006307877201657144
249 0.0011636412636931558
250 0.0004795610736514522
251 0.0013210118868129683
252 0.00269040868282486
253 0.0008171958203065114
254 0.0010768385335409986
256 0.0005697052918145749
257 0.002122946256175634
258 0.0006865262446246784
259 0.000773428456373917
260 0.00132488545799332
261 0.001026767913418266
262 0.0008752039194161738
263 0.0005555635792803869
264 0.0013442459217384694
265 0.0008622248816374224
266 0.002091460760057522
267 0.00031120331950207467
268 0.0008052968010233849
269 0.0007964263304556509
270 0.002304832525708428
271 0.0015986941026410488
272 0.0008519572497876204
273 0.0008361147159640991
274 0.0011900492486827023
275 0.00031120331950207467
276 0.00044307845369508374
277 0.0006059341374858754
278 0.0005003030295409264
279 0.0004335451244813277
280 0.0009673911910235864
281 0.00041012383298755185
282 0.00031120331950207467
283 0.0009218221165900135
284 0.0008222358252623607
285 0.00031120331950207467
286 0.0004053567229627044
287 0.0012550764638487935
288 0.0011629904843389507
289 0.0006598085775414938
290 0.0020449253153492835
292 0.0007432696647242371
293 0.0004941611220428714
294 0.0013298124679587827
295 0.00031120331950207467
296 0.0010346177493584813
297 0.00039937759336099583
298 0.00031120331950207467
299 0.0005129127462132452
300 0.0006605938796680497
301 0.0010806753393642677
302 0.0004506406030983516
303 0.0005106863582726468
304 0.0009555157765343763
305 0.0008327319235574667
306 0.00031120331950207467
307 0.001010663791675719
308 0.0004892874306444778
309 0.0015594241415813192
310 0.0008801550066616962
311 0.0003913867997925311
312 0.0005120802162141266
313 0.0011418753918440358
314 0.0005466134907208986
315 0.0006938696625062252
316 0.00047100580842407435
317 0.0006205994236216805
318 0.0006890237562166392
319 0.00042143972724791295
320 0.0005187705783166192
321 0.0007668139398031165
322 0.001060614351460952
323 0.00031120331950207467
324 0.0009553958941915989
325 0.0005168241071328599
326 0.0006938696625062252
327 0.0008607343774275427
328 0.0005756125061962185
329 0.00248021350899925
330 0.0004875063232935491
331 0.0005757261410788381
332 0.0009558653356273558
333 0.001243443032414476
334 0.00031120331950207467
335 0.0009779482626259437
336 0.0014213264163358994
338 0.0006864360146350637
339 0.001258623520304589
340 0.0006306046021136832
341 0.001043928853496111
342 0.001127330466035613
343 0.00044983158669689087
344 0.00041621151345764174
345 0.0011074861576695308
346 0.000649027925003985
347 0.0020965507787513047
348 0.0009863960986110849
349 0.0005168241071328599
350 0.0016017209827628677
351 0.0005891667913218617
352 0.0010994133720523467
353 0.0007089922604605354
354 0.0008296698410128963
355 0.00046077810108540373
356 0.0006674174794804788
357 0.0009438492468694909
358 0.0005539130323173479
359 0.00031120331950207467
360 0.0007916146489952175
361 0.0007363179608388564
362 0.001127569635391349
363 0.0007820601979822217
364 0.00031120331950207467
365 0.0006457432161571306
366 0.0005187705783166192
367 0.0008759554477012786
368 0.00031120331950207467
369 0.0008135610305361004
370 0.0007114448499321137
371 0.0013469974394616337
372 0.0009429429901180097
373 0.0020124248469479064
374 0.0012121433126132176
375 0.0028730827281413787
376 0.0011955823135883835
377 0.0013169437135870312
378 0.0010317114001731392
379 0.0008160717836751748
380 0.0004335451244813277
381 0.0009587706387712417
382 0.0013821242779079933
383 0.0003773340248962655
384 0.0010613298934894948
385 0.0010858430291060433
387 0.0010980527188100232
388 0.0009065708013485208
389 0.0008466746971384401
390 0.0015646245903181278
391 0.0014370273896918242
392 0.0019228515235219506
393 0.002462863439572056
394 0.0005990261560612827
395 0.0003773340248962655
396 0.0006252064198669186
397 0.00031120331950207467
398 0.0006639004149377593
399 0.0011098563195639619
400 0.0009523569461093012
401 0.0008324628394280169
402 0.0007159294925880308
403 0.0004967886557335293
404 0.0006425750536684979
407 0.0006654523732163176
408 0.0010171018359541443
409 0.0020102201263921646
410 0.0009604831497499228
411 0.0005149277016551666
412 0.0003773340248962655
413 0.0003773340248962655
414 0.0005453735815475405
415 0.0005127207524251647
416 0.0018361421540278064
417 0.0010537695046792406
418 0.0011823237289424007
419 0.0008455815289955018
420 0.00031120331950207467
422 0.001622442334266085
423 0.0005083707852838956
424 0.0009178823881513746
425 0.0005393560070557947
426 0.0008067895432757968
427 0.0007565450822003773
428 0.001759666097102593
429 0.00147452318021845
430 0.00042925431069873357
431 0.0014643384353942625
432 0.0012974543594557676
433 0.00031120331950207467
434 0.0032370065531229474
435 0.00039937759336099583
436 0.0006550359497017401
437 0.00031120331950207467
438 0.0010023732029352335
439 0.0008959267798109417
440 0.0004447454655874901
441 0.00040333165845435684
442 0.00031120331950207467
443 0.00045820477799052
444 0.0004477486809828645
445 0.0009483737402317645
446 0.002283606653652925
447 0.000799718386198795
448 0.0005301020716050503
449 0.00031120331950207467
450 0.00031120331950207467
451 0.00039937759336099583
452 0.0005555635792803869
453 0.0011074861576695308
454 0.0006561969815966516
455 0.00031120331950207467
456 0.0008297688560383752
457 0.0012291085366626698
458 0.0008185384006539716
459 0.0005583165072568989
460 0.0008794645969473979
461 0.002450975016555077
462 0.000704082089962355
463 0.0004632618613592982
464 0.0013816472574341692
465 0.0009229323466394775
466 0.0004434647302904564
467 0.0005139859657156465
468 0.00031120331950207467
469 0.00031120331950207467
470 0.0007193377652829467
471 0.0003773340248962655
472 0.0005648371570549334
473 0.00031120331950207467
474 0.001483371565285204
475 0.0007192632634199433
476 0.0004941611220428714
477 0.0005400347330810853
478 0.0005103200697719245
479 0.0004434647302904564
480 0.0007649959828837905
481 0.0007129861270418849
482 0
483 0
484 0
485 0
486 0
487 0
488 0
489 0
490 0
491 0
493 0
494 0
495 0
496 0
497 0
498 0
499 0
